20
3798241551555725387204 78602335373512171484062267969549253008497610277834157897347860780471975902703
264562082431539128859592071134428861323529698180 28977200222703086643368616506672861227988347181432831940527177
30810714 60565332605414704459396775364300335535
17323 46480984547077420993507538844
161242829202037677706457653314405302922 29065534795660499260415725168995411112348372814205588
4584197984252078041898931842964545460292926854840 5818759623870299717807349163677365784706937367604853015
4652083155292978925642 4929492465018441514855295285595
5659442918924875607539605484917 893672916310524108395771473758336608579758
3 65467171797848489245365065080582167284576502202771526988587751959878838
15587794801214032789 213049811027317986637483353615641061635249952942623781478075877257096057974047091113062
1523109232622645158587925150859733770612522475676321 295226282787132232416321816470328947363260389135415126103429931308955734706630982374147652213
441554686880 552237842969506101490608980811267888918338182499048604823605983913956985175878
1 2746358663922210082331
477273108476778524837863494547154602929447925619638628444 7634873019925984848796339666040390283005347024425109171648
39709543242377761106458983633632538275416468301341668584 4357437896755656478081065326635562383554721725957096498505626178829465366
324004 93266326067183943407281844467144547998883432622520883749103923727939787813912402050930988954548
18722929399 624280448680534969943120790417899298615512182872443088349519158354698022569434511004579185
691377437998116371223966517913258930000431514087 87601934947404814140733651564741240662513290597293153881245998414947756486364329436191967
4455764 851345870142921747102047846529283777472096754
265686342519412 52180415912219356106938190009862756
