20
3970409551965305090124993094400370201419617128630586444 950872218960653785377413945865858468956827903509572168202182508555000385879943675
537522070145944 81228511182478781457025951331480351271663
58320183409295467230664211601366974820700657 58717454732025150047983757315030945531723415674529450893798387314375805235628
36 7866089961535472935202227598192456860041469927268711850658650
39887190822790894629798027747468423529405 93844881453674243508411325360449979108683435040333157213
3707710276454973986697411486464598185105 8315345181967159358779067721854838773661432755444352627626103626800797046532906268254540330684017
471616480745077754856288022116147443113216634101175315898366796812 543566353217380311110183046902413175968423701352354540734924815533507041675358207032259436799376834
336280495705883462308476983638136060721797921447249936092698492093751776286908974 84245866972756236382294462868280336216660998537410404643670154989985236752772433520
830726090132898658625966226576112618770059607805 87916102536047879209989953184100569897060121578503020453938579856845233
400087999593979333790 617190497847101126902548465325966179
301469212284682608963574552766300681919163 866095302861698004879023372403827350014428074078643373906738928633345655292821050
752 8364997126159
40344942929284259238129341125294825432808729410058886 504190191666740687073287860384539837000238111176845182286511769189240718591824857257111
26522 9162575537561
655610290801112362293864685631550 7150723854782024228173950666661533241941951421987459307765721134368
246 979436545475915154923877222191175643139885603168355453832112346087035838756798
357007234825709981 50810587874545452894737825190530492376370620968392664134415155053285990382662177944293
68933697 81978816152112973537267481318780385542498345870887217714520833394614174646456
13643258372924263455837841666533 8986125226762833292870472842363401
3288671549071438270160552828492992805014969596611299687825618617229312 98895676564113061477688509906242599143893476550004993219890967571832646241933469204191412809564
