10
5
780 798 252 270 252
811 261 257 264 272
775 253 267 234 229
777 266 253 230 245
859 270 239 230 256
5
810 181 208 179 200
746 212 220 188 203
838 173 210 203 198
815 171 214 229 256
791 185 193 216 161
5
718 714 729 753 765
736 744 745 723 800
771 755 761 742 801
709 813 843 818 813
796 779 804 799 769
5
140 170 145 144 139
146 166 168 143 156
158 151 151 135 137
152 155 162 163 159
160 799 801 816 784
5
757 822 765 784 513
836 857 499 529 521
822 788 528 535 575
838 521 577 512 550
731 525 529 558 528
5
533 536 517 511 795
521 511 559 575 809
522 533 505 546 803
532 556 794 777 815
543 779 810 832 786
5
831 838 784 781 754
771 811 747 738 726
823 807 741 757 704
795 792 715 743 722
787 780 745 753 755
5
775 761 552 538 545
798 779 530 537 562
817 826 510 569 576
859 770 545 485 522
814 801 521 552 456
5
67 64 82 76 50
67 63 68 79 66
69 69 66 75 64
64 75 65 74 70
77 84 66 768 832
5
752 786 339 378 379
783 798 388 344 411
799 839 383 405 333
819 397 384 388 390
824 369 365 348 399
