1
50
834 781 776 841 791 819 776 775 834 843 776 787 769 763 767 808 846 808 792 858 760 794 779 823 499 501 471 503 463 441 494 488 466 480 464 502 443 456 488 468 556 481 502 469 479 512 477 506 500 501
834 790 752 861 762 821 814 785 819 810 814 736 781 780 781 784 808 848 819 780 789 814 780 807 435 482 446 465 501 450 449 457 470 465 483 481 440 449 496 502 484 462 476 497 515 455 485 465 452 497
791 822 840 811 817 780 848 794 802 860 793 829 837 795 785 850 854 846 817 851 757 812 817 766 524 449 521 439 481 483 498 500 477 468 467 452 477 485 504 481 503 495 491 437 474 476 464 480 470 493
788 811 820 805 794 803 789 821 798 762 747 812 821 785 759 824 810 775 842 807 808 767 777 841 497 466 471 497 453 478 470 452 446 478 505 487 494 471 472 466 493 445 481 470 505 512 550 490 433 499
858 792 787 801 814 853 888 810 814 793 854 817 758 792 818 770 778 782 790 777 794 822 833 825 437 506 492 490 500 491 475 508 450 486 450 503 492 460 481 480 518 513 479 518 458 494 482 452 465 508
830 764 850 813 802 784 784 821 809 818 740 751 807 768 794 802 834 812 731 790 777 823 817 812 495 495 470 480 500 505 471 470 465 479 441 451 491 466 506 514 432 468 486 504 496 497 502 511 480 488
770 770 815 789 786 731 790 767 829 807 806 805 851 791 776 808 826 788 818 805 824 797 799 816 499 499 462 481 466 513 507 461 493 468 493 489 522 453 472 487 479 486 455 452 518 496 433 456 478 498
809 795 862 807 838 779 765 825 795 799 810 834 773 825 833 840 814 759 801 773 807 794 792 826 521 433 470 464 498 460 464 467 502 471 475 476 456 512 446 455 503 463 494 530 492 466 516 485 461 487
806 787 814 831 790 805 827 755 801 785 815 769 810 851 841 779 769 774 823 802 786 800 811 760 474 506 486 482 467 497 506 512 435 485 485 474 462 468 472 465 480 461 487 484 499 486 469 468 428 479
803 784 794 826 781 852 756 824 876 804 788 802 770 800 854 772 819 733 795 764 831 815 772 836 440 460 515 521 477 498 506 501 440 490 488 493 487 487 462 473 471 453 465 509 492 525 493 447 498 457
845 790 789 778 811 812 815 822 795 744 804 849 832 804 792 749 794 772 805 819 825 793 768 827 473 478 441 451 472 482 481 463 453 446 490 516 516 477 510 492 468 477 511 490 481 444 475 466 496 491
788 796 783 759 792 760 842 788 835 813 827 752 813 826 826 821 810 768 766 821 787 804 817 820 485 462 487 463 477 517 466 520 467 482 486 524 431 485 473 472 475 515 510 464 471 474 475 459 500 488
813 809 800 831 846 789 759 804 774 770 776 794 819 814 839 814 820 819 773 765 779 795 819 799 494 489 516 483 469 457 478 436 490 446 518 506 477 495 469 474 498 501 483 479 488 479 440 491 508 464
774 778 831 781 813 796 773 812 773 799 753 782 794 780 804 771 809 756 866 797 835 866 809 790 471 527 486 478 459 485 459 464 481 521 450 483 508 465 503 502 484 471 508 477 465 486 495 448 464 485
839 778 807 785 761 779 797 816 853 828 794 792 779 802 842 809 800 834 810 832 809 792 771 744 508 461 466 515 466 477 481 465 481 471 478 503 502 513 463 490 470 455 489 531 496 501 470 464 459 453
771 761 798 754 730 779 811 801 804 770 822 834 819 756 812 825 797 753 814 787 781 799 811 834 493 508 454 420 465 485 488 506 461 491 487 442 498 473 472 492 528 476 453 471 457 466 456 498 494 446
799 776 771 812 755 794 798 814 773 793 828 778 851 788 805 771 786 783 830 763 819 793 836 769 469 469 488 458 472 495 473 452 498 444 448 497 467 499 508 467 487 468 484 472 486 476 469 519 521 462
798 780 764 812 825 781 729 797 766 858 784 842 791 815 779 780 801 795 842 787 839 842 783 747 476 446 492 491 483 499 479 481 456 501 474 478 462 478 453 507 474 437 428 452 475 474 507 488 466 496
773 813 804 800 835 794 848 803 787 817 774 791 827 758 778 776 821 785 813 832 829 783 805 786 521 505 512 451 451 555 477 483 444 480 473 511 506 456 472 479 442 485 459 476 461 471 465 485 483 529
828 805 806 804 781 803 802 818 815 775 744 753 798 754 823 802 797 845 812 771 774 843 792 788 472 475 463 472 447 508 516 498 465 452 450 465 451 468 494 496 461 475 448 480 469 477 498 481 515 512
813 813 792 759 785 828 772 812 803 815 805 747 776 779 796 815 835 766 783 448 497 492 521 479 467 473 457 463 458 487 474 449 496 479 461 460 477 490 518 521 442 474 480 443 485 480 473 484 479 477
789 818 735 801 858 737 833 803 781 851 780 805 803 799 777 734 772 813 832 456 491 472 501 466 451 452 483 457 478 495 490 495 477 501 496 465 502 469 515 507 462 473 465 465 472 416 496 511 475 466
812 762 790 815 710 797 830 855 819 768 784 798 798 790 825 785 859 813 810 497 484 490 454 456 489 473 502 465 471 498 473 459 468 518 507 488 476 483 533 490 506 419 471 494 498 464 466 466 462 453
779 816 844 794 811 852 819 805 815 784 794 829 823 763 813 783 768 801 807 493 473 464 474 474 535 423 462 430 500 472 447 488 457 461 459 508 461 458 462 469 488 502 465 501 457 471 500 466 493 508
806 776 771 780 786 859 752 785 809 791 799 803 742 826 811 869 800 792 790 448 452 470 464 489 485 474 473 494 493 470 473 467 472 459 537 478 481 477 471 485 456 494 418 477 484 517 494 482 507 503
788 781 797 769 800 769 806 775 834 775 840 777 800 787 857 771 789 802 801 473 552 490 480 492 468 458 493 496 485 463 468 484 519 442 461 466 496 493 533 466 467 508 489 488 481 513 476 454 471 487
825 790 825 781 772 829 767 764 806 853 767 779 836 786 756 768 781 808 828 467 451 424 432 447 437 473 513 473 507 484 456 461 478 459 492 458 481 465 477 490 490 453 474 497 478 503 516 495 464 497
840 780 800 788 870 769 826 791 769 807 814 858 792 809 762 774 795 809 818 505 453 485 484 499 492 471 492 481 482 471 501 485 449 462 513 481 506 422 437 446 489 447 505 483 522 447 473 484 517 474
831 790 789 773 785 831 800 799 850 843 797 866 781 820 788 813 803 799 733 445 460 466 494 449 493 456 504 490 502 477 472 482 492 479 459 494 495 479 478 467 508 545 537 506 471 452 461 482 469 508
795 817 819 804 813 767 836 781 785 721 792 789 818 799 838 755 741 797 804 494 450 477 494 482 477 489 472 463 495 509 435 476 522 476 486 524 427 427 472 477 489 461 528 481 467 515 481 488 474 431
744 820 791 821 852 759 810 801 866 776 795 794 805 805 816 826 754 826 790 454 468 465 472 502 432 478 500 467 466 469 425 466 441 514 488 438 508 494 456 472 537 497 487 510 495 525 464 458 496 496
744 806 828 805 816 797 778 791 789 759 827 797 775 828 749 807 816 803 845 521 454 510 517 466 464 457 472 489 485 497 469 439 471 503 489 497 481 454 498 538 481 451 457 476 466 470 467 486 461 469
816 796 761 785 718 845 793 751 816 878 832 774 806 808 816 830 762 785 814 490 498 481 523 485 499 484 448 500 446 463 507 470 473 490 498 476 443 490 501 484 469 481 502 475 484 472 522 480 512 515
826 789 782 753 778 821 833 818 806 802 811 762 857 739 824 784 815 799 774 497 472 454 490 450 502 466 510 494 457 451 498 476 500 453 460 467 499 473 502 490 455 500 456 476 467 508 473 460 482 500
812 846 753 763 831 811 782 789 811 813 791 811 735 803 804 799 778 801 820 494 483 489 476 485 503 440 467 450 497 480 500 459 507 472 455 499 506 474 481 452 502 502 449 462 474 471 424 466 455 518
827 809 817 774 840 837 808 805 804 773 802 767 794 791 781 755 855 813 793 478 458 521 468 491 500 536 476 492 469 469 494 476 480 458 458 471 518 448 460 450 484 496 457 453 465 467 509 451 476 481
842 763 801 775 820 806 797 790 788 858 831 833 809 777 790 773 815 501 509 501 455 503 437 452 476 461 488 500 506 449 491 489 495 473 495 462 513 428 497 506 449 466 490 483 506 532 487 493 472 504
734 743 807 783 749 818 794 812 791 810 789 827 771 799 828 790 813 476 518 452 463 512 463 438 448 455 464 458 454 514 490 529 467 475 444 489 441 508 465 470 492 493 449 491 468 523 510 492 481 454
781 806 762 767 829 771 770 827 789 818 794 802 823 874 825 767 812 479 498 450 485 457 450 474 477 490 474 498 487 483 475 472 486 523 486 476 477 450 487 481 522 506 479 516 508 537 499 478 447 511
868 819 795 724 772 800 779 767 858 812 815 795 813 783 794 745 802 512 464 539 514 468 481 493 493 455 479 501 452 483 483 506 456 485 521 439 477 511 480 459 448 516 446 489 505 493 476 459 491 500
845 805 811 790 802 781 767 802 823 759 746 774 835 812 807 808 821 488 463 466 448 500 484 456 447 469 489 471 488 480 481 477 516 467 464 483 446 446 485 484 501 460 471 505 499 444 489 466 487 468
811 806 779 797 849 821 849 822 806 804 784 777 796 772 796 862 858 461 484 479 476 487 496 496 484 490 486 513 441 489 472 504 493 489 439 479 487 485 504 471 492 501 522 485 467 506 490 505 463 483
763 749 821 781 804 783 812 818 802 800 847 783 816 765 788 771 826 452 462 511 488 482 471 496 457 454 488 473 471 481 469 504 471 484 494 516 534 482 471 483 482 458 496 483 461 467 474 494 480 473
822 830 858 774 827 785 797 773 786 786 859 813 788 737 804 838 774 469 505 493 480 506 462 479 454 500 485 526 446 458 488 484 441 444 491 482 486 497 475 546 467 438 451 500 451 455 447 487 485 482
832 829 773 817 802 761 802 755 811 765 784 748 838 785 844 771 824 492 445 500 473 496 487 500 511 515 450 431 443 473 511 497 452 482 446 467 483 475 505 479 466 485 465 471 457 469 481 489 487 447
500 504 488 488 505 483 496 491 451 478 497 481 508 499 477 443 466 498 460 448 480 485 495 536 503 496 491 475 485 406 522 473 488 502 530 441 487 486 459 461 487 472 474 501 462 459 461 471 484 450
476 512 485 451 459 454 499 499 456 477 499 513 497 469 458 465 469 498 487 448 474 491 461 462 456 501 439 504 482 501 461 455 491 448 468 525 454 457 487 467 482 484 506 464 484 478 493 500 481 476
453 517 496 494 452 490 471 433 473 489 508 446 484 458 478 499 455 504 449 484 493 495 514 459 485 481 475 479 506 502 448 509 483 475 481 488 513 469 492 453 482 501 495 480 491 424 482 486 509 478
480 489 485 469 482 479 457 442 475 461 493 465 478 446 447 488 465 481 474 469 511 499 483 462 488 472 470 475 449 495 444 505 481 496 481 424 493 461 481 453 439 503 469 479 472 477 469 449 478 470
445 502 430 453 455 511 451 439 477 457 474 485 468 460 503 446 471 491 506 467 479 490 455 466 526 467 461 468 520 518 494 502 508 488 498 470 456 481 451 480 503 461 489 494 490 456 496 507 449 501
