5
10
440 691 427 608 958 28 393 268 69 371
351 340 453 695 860 724 539 357 720 830
411 962 667 285 759 765 456 274 690 966
21 129 8 799 736 317 826 480 585 246
851 935 938 655 982 797 378 872 153 98
702 915 411 368 200 521 485 655 794 174
972 166 654 980 964 741 296 142 220 232
387 422 167 676 77 500 825 454 371 977
903 72 244 665 792 443 185 276 449 978
801 420 495 454 751 459 194 399 600 765
10
630 338 187 148 366 263 647 190 716 18
518 971 441 761 635 232 555 172 859 3
501 659 775 996 464 877 454 657 275 405
422 257 94 608 404 811 222 403 1000 937
420 870 259 860 630 894 444 185 417 302
539 917 961 313 912 424 190 717 433 816
473 854 72 919 813 828 729 34 230 81
322 649 950 933 860 579 178 303 115 594
605 654 510 917 966 774 692 507 842 476
323 315 681 394 233 493 221 313 878 802
10
393 552 450 342 484 662 273 661 316 387
254 272 392 115 540 710 888 232 216 730
707 890 396 740 636 980 232 208 292 462
10 685 365 811 378 848 472 650 860 140
389 465 411 780 579 951 489 819 534 57
900 240 946 295 331 581 626 915 789 917
376 798 953 740 960 331 939 432 980 150
923 720 614 333 500 544 283 340 714 816
396 613 408 342 259 738 922 884 652 62
153 379 211 105 470 171 787 760 954 119
10
909 876 838 874 208 689 418 843 29 131
10 424 96 769 117 706 859 39 942 510
452 94 241 663 550 710 185 689 822 138
807 730 365 644 956 924 333 373 118 713
855 128 136 302 896 253 360 754 643 301
616 446 746 208 108 647 269 644 335 90
133 141 172 497 137 127 421 821 851 890
533 57 17 668 359 265 272 718 370 266
370 337 712 115 544 171 761 813 815 96
254 947 588 425 796 724 903 568 544 753
10
457 76 810 474 96 520 90 719 589 459
985 958 796 696 72 691 866 184 855 32
631 109 331 219 885 126 294 788 693 838
892 501 265 701 326 712 572 415 431 160
226 415 117 373 110 540 63 327 724 918
359 354 26 689 924 262 166 218 49 210
407 941 710 23 993 36 735 565 802 165
724 27 579 841 399 40 380 462 366 455
731 76 161 756 116 84 369 633 653 418
842 411 710 904 434 702 939 168 266 740
