1
50
797 732 790 758 825 780 746 833 745 797 762 801 811 755 803 831 811 779 803 761 789 826 808 822 792 823 772 865 748 808 826 737 780 834 788 768 762 789 825 805 813 732 756 804 788 814 870 800 812 773
769 793 854 786 807 816 787 803 725 805 825 826 819 813 774 795 800 784 793 809 807 800 857 831 779 781 804 800 825 743 829 714 820 839 786 783 817 812 786 841 814 790 806 745 771 822 822 805 850 811
819 796 807 850 814 818 808 807 793 786 830 784 819 748 793 818 771 743 757 819 808 807 808 838 791 834 825 826 801 806 816 811 770 810 763 783 818 787 770 796 776 799 783 800 787 801 826 805 779 788
824 773 789 870 815 782 775 793 819 832 778 836 764 787 843 774 816 801 774 776 838 762 801 749 827 773 840 832 810 786 868 785 730 800 803 791 832 779 777 779 825 791 827 793 829 804 791 783 797 776
818 750 816 784 808 772 789 823 821 780 838 787 833 808 790 802 784 797 730 762 788 822 786 818 811 826 807 787 786 770 829 776 781 814 793 807 795 779 846 785 819 817 757 779 785 811 766 816 810 799
797 819 796 783 813 769 817 825 748 834 796 738 780 842 787 783 805 812 816 823 799 829 796 795 746 861 809 781 783 760 787 787 821 780 774 788 778 839 825 778 795 836 814 863 798 838 774 759 780 744
780 750 774 765 780 831 773 804 773 731 768 792 864 836 832 808 797 741 846 738 797 812 791 831 771 862 774 788 841 757 823 806 851 795 779 837 785 799 802 798 816 820 781 809 767 814 777 797 827 817
813 804 850 787 841 844 798 812 756 833 786 792 769 776 767 835 717 792 823 793 793 827 820 819 855 807 767 819 812 808 809 810 818 789 697 806 761 846 769 868 799 777 784 791 784 813 798 809 787 833
805 788 818 763 780 768 802 782 795 811 820 810 799 782 841 833 794 815 764 825 797 814 748 774 840 837 814 834 775 784 740 838 809 838 818 832 775 764 744 774 833 753 786 808 787 784 805 808 800 812
803 780 821 783 809 798 804 778 777 757 857 788 805 764 815 790 800 792 808 774 853 804 784 795 848 813 784 783 786 851 770 838 827 822 839 822 778 760 813 776 837 837 831 774 857 782 766 756 804 772
818 836 838 795 788 808 817 797 838 769 777 786 790 777 792 787 861 806 780 770 821 879 763 792 791 831 800 822 767 802 850 770 764 750 841 766 825 806 817 796 783 852 754 825 771 841 825 759 797 852
791 805 821 761 780 776 808 761 810 814 812 840 771 859 750 770 776 780 792 816 798 803 801 857 809 813 748 828 811 797 798 844 845 786 798 824 865 837 875 800 804 757 799 829 777 789 808 825 835 762
787 799 873 810 824 799 810 816 752 823 809 834 823 844 769 773 802 801 850 805 806 831 793 793 790 770 803 792 755 852 852 823 783 816 766 829 845 751 799 802 796 812 779 764 799 811 781 804 772 852
802 793 793 761 798 807 825 791 766 813 789 826 832 829 830 789 774 833 827 765 790 829 765 784 799 775 777 803 850 774 775 839 752 802 842 769 804 812 784 840 812 789 798 835 779 815 830 828 759 810
822 752 807 839 789 791 768 810 796 751 780 824 739 859 803 787 788 870 809 809 826 780 786 791 796 778 798 759 811 793 817 794 811 799 778 786 770 830 793 838 832 731 798 822 805 805 799 727 792 805
826 799 796 795 742 748 763 777 812 819 808 810 842 819 786 819 773 805 808 769 745 828 836 868 814 759 802 744 810 862 804 791 781 796 802 832 805 786 791 779 782 764 806 842 802 826 791 760 764 824
776 759 782 812 834 788 830 850 800 784 839 804 776 802 772 825 780 836 791 794 793 775 822 821 762 773 806 815 794 823 820 793 808 833 819 835 732 800 837 739 776 834 824 766 763 740 772 845 842 771
863 858 774 808 809 852 806 813 826 785 840 814 811 817 730 823 835 794 806 837 815 816 787 815 807 813 836 794 803 809 778 803 757 779 842 756 783 777 849 754 803 832 797 757 804 744 839 805 807 747
405 464 438 459 461 501 464 463 474 464 423 447 463 461 446 443 443 466 452 448 464 480 473 436 454 425 437 428 438 445 438 419 413 477 483 438 419 420 451 438 456 444 453 472 468 446 419 426 436 457
474 454 452 445 455 468 467 431 450 464 455 422 492 451 452 425 431 435 458 433 490 433 426 499 468 447 446 451 472 453 444 469 462 467 467 451 450 471 461 465 440 459 428 448 465 467 465 435 472 444
471 449 447 434 436 425 452 465 434 440 455 457 443 441 504 455 463 410 485 475 471 443 417 412 429 449 403 478 438 478 466 466 477 454 437 467 472 451 451 426 421 438 444 440 465 459 437 473 452 407
442 435 468 461 451 470 437 474 454 469 451 472 447 442 458 475 448 460 473 474 424 472 447 445 448 443 444 456 467 465 463 451 448 442 394 449 424 440 439 494 431 411 415 431 461 437 474 449 474 410
429 445 417 437 407 432 469 432 434 472 476 459 439 483 430 439 428 467 406 426 431 453 453 426 421 447 470 439 437 433 466 419 462 462 467 428 436 457 442 452 452 469 464 471 456 405 473 426 423 471
440 436 440 495 428 461 401 471 460 430 427 462 415 448 462 441 461 433 460 420 440 474 474 481 474 427 399 439 458 453 448 434 502 399 443 446 452 467 416 453 478 458 449 455 461 477 460 445 443 400
458 472 419 469 410 470 440 414 454 455 431 426 420 445 433 440 502 486 419 474 461 442 456 454 430 429 419 422 462 454 461 439 452 445 447 448 447 460 453 446 475 441 473 456 456 471 433 427 444 460
462 445 418 455 455 461 450 463 455 439 417 442 446 467 471 444 449 438 485 460 429 485 438 439 453 439 468 442 436 457 484 489 479 421 428 459 443 464 435 432 460 440 475 440 427 453 451 456 416 455
454 427 402 462 462 426 425 446 453 424 404 456 478 478 478 465 479 476 462 474 456 435 477 447 454 477 439 424 434 441 469 469 435 423 463 453 431 443 452 469 466 432 440 425 463 435 411 420 453 466
406 483 436 480 473 427 404 456 464 448 439 432 442 417 457 484 470 473 461 445 460 423 484 494 419 452 418 425 442 428 470 448 470 444 460 444 472 460 449 471 446 451 411 427 465 457 499 409 485 496
471 433 433 491 489 482 437 470 456 408 469 457 453 434 452 444 475 426 449 462 443 475 419 453 444 468 440 465 439 477 451 442 434 427 422 447 434 442 486 464 427 457 444 454 394 424 486 458 484 411
431 427 447 447 463 398 431 472 438 430 463 455 428 497 456 418 457 464 403 433 430 494 490 464 463 437 455 435 418 410 405 451 484 472 457 427 464 446 441 453 463 436 467 437 482 456 432 463 441 425
464 438 424 424 433 444 410 433 447 422 435 420 482 451 455 423 452 424 470 443 437 427 439 460 435 481 468 442 475 448 436 483 447 452 442 447 416 449 454 456 453 432 468 405 467 470 460 460 450 465
439 447 442 438 470 443 432 439 454 454 427 459 424 461 438 450 443 437 468 455 472 469 433 435 436 483 498 449 437 487 497 439 462 463 497 454 419 438 452 432 446 415 432 461 429 432 451 445 437 464
434 435 447 454 471 443 496 483 484 450 467 450 449 476 462 447 475 471 454 457 451 450 451 424 452 489 454 442 479 472 412 456 414 444 450 436 462 442 449 447 448 443 455 429 471 403 433 465 442 444
409 389 452 456 435 473 444 453 441 412 454 446 453 440 450 439 472 463 469 434 443 447 443 436 467 469 460 476 475 432 464 466 456 443 426 417 471 441 453 450 460 467 429 406 468 447 454 456 459 437
494 482 479 440 439 463 499 480 448 475 460 451 474 473 461 481 449 462 450 441 444 462 438 488 482 443 453 508 453 443 487 469 473 426 433 475 418 452 442 475 422 440 467 443 461 515 443 468 451 450
459 422 438 519 418 457 446 449 454 457 416 432 453 470 461 411 467 467 480 439 476 449 442 439 490 443 413 478 482 478 449 411 460 441 462 419 455 449 458 477 464 420 481 446 455 417 480 406 435 472
446 484 424 429 457 415 463 432 454 479 495 430 461 444 462 412 449 423 472 443 456 433 431 443 457 442 466 455 423 459 473 438 426 443 471 455 469 472 429 444 472 501 437 425 436 430 451 470 480 450
461 462 436 408 432 452 465 454 441 480 396 470 448 445 449 456 453 442 456 457 416 454 444 468 442 420 434 451 450 473 428 455 507 479 404 467 410 445 434 462 433 439 450 477 413 421 459 461 455 450
431 459 410 460 445 456 421 461 464 466 454 469 429 444 483 450 450 454 464 447 485 452 431 426 476 442 470 449 455 467 445 455 454 432 434 456 458 460 463 464 420 466 444 464 440 454 416 487 447 440
498 431 479 496 457 470 445 462 434 469 452 475 473 412 449 405 460 464 444 449 465 474 437 432 441 448 429 457 449 455 463 457 450 473 434 457 469 429 439 480 388 451 437 449 467 447 471 434 410 422
462 425 450 453 446 466 465 436 456 443 479 453 412 455 485 427 459 420 461 422 408 457 422 456 450 465 420 445 436 469 415 469 465 423 471 458 437 439 468 448 434 447 454 467 459 417 428 433 442 455
465 446 462 455 438 517 457 465 471 437 495 474 431 439 469 411 465 524 448 457 457 443 447 432 459 473 443 469 453 483 466 437 417 401 482 449 449 432 467 439 430 482 452 430 442 475 448 455 442 458
482 469 440 472 476 460 469 445 446 460 442 466 453 436 440 414 449 490 467 426 451 459 475 503 419 434 427 507 499 460 445 416 454 437 427 432 472 463 415 453 456 469 461 455 429 482 451 414 486 487
512 444 441 435 463 496 394 438 455 484 461 435 435 436 415 492 432 466 453 477 463 466 444 450 475 443 476 471 443 456 438 400 461 426 439 459 431 446 437 448 445 438 458 479 443 436 457 424 427 420
452 450 460 439 447 439 445 434 462 415 469 462 469 433 440 450 461 413 455 405 457 466 439 484 454 461 455 446 445 467 441 427 460 440 465 430 458 483 442 450 451 442 457 411 460 429 456 449 417 453
466 431 460 426 436 419 458 457 443 469 436 473 473 463 462 458 436 445 413 448 408 452 459 465 455 419 402 443 452 436 451 493 469 461 463 469 466 489 457 475 449 464 435 425 428 467 456 467 428 436
459 464 419 394 468 464 472 470 464 459 469 430 430 486 449 458 448 428 437 480 469 444 439 464 450 449 471 434 409 437 450 457 464 425 443 472 450 452 444 475 466 420 491 429 486 484 461 410 453 422
452 444 460 423 468 428 458 446 478 449 462 446 469 479 447 461 470 461 412 463 415 414 418 476 448 466 428 465 449 431 449 453 454 441 453 420 416 470 439 459 423 453 435 478 461 436 428 431 440 491
452 465 467 480 454 454 447 445 465 455 450 440 450 451 438 450 478 449 424 423 513 446 451 418 459 427 432 463 458 438 470 453 452 436 444 431 398 457 473 457 454 443 406 478 481 422 441 438 461 465
438 425 479 427 456 465 482 429 472 449 462 432 464 445 433 461 449 445 480 430 397 449 464 460 478 399 453 470 449 482 455 394 458 421 432 412 475 451 447 456 471 466 444 433 477 437 442 432 459 408
