1
50
809 786 832 762 802 769 112 91 124 107 123 105 86 122 112 128 114 100 114 108 98 105 108 120 126 112 131 108 93 112 118 115 112 105 114 126 119 98 115 112 125 113 105 113 122 106 124 121 111 106
783 797 809 794 796 776 114 114 107 102 113 89 110 118 109 119 98 102 110 104 105 103 133 106 104 102 104 125 126 129 103 100 124 107 121 104 92 103 126 106 102 96 119 109 118 115 118 120 114 116
815 794 841 756 744 772 102 110 116 101 90 116 127 104 129 96 106 106 116 114 90 92 126 122 130 114 109 95 116 104 119 94 107 102 99 113 122 107 137 118 105 98 98 104 119 112 97 98 103 99
786 828 757 824 764 844 128 120 135 112 113 108 99 111 127 95 88 108 113 111 101 116 126 92 88 117 93 102 104 107 107 113 102 105 95 104 90 120 122 108 96 113 118 97 119 105 105 102 141 106
813 754 846 785 834 800 94 95 98 90 107 93 108 100 118 108 100 127 109 95 121 98 102 119 100 124 91 117 114 129 108 122 91 125 108 105 103 105 104 110 102 99 139 90 107 114 115 124 108 128
797 760 763 759 761 803 104 120 126 116 104 97 91 101 113 113 112 108 117 95 96 99 104 108 109 106 104 115 98 115 121 108 114 108 105 110 107 116 102 117 116 90 110 100 112 108 112 107 102 127
764 774 826 797 800 805 111 98 115 122 101 116 101 99 120 118 117 117 110 136 102 101 95 133 112 113 120 123 106 106 149 102 120 99 116 105 125 95 103 121 114 108 111 124 112 91 131 116 119 108
783 817 831 836 784 805 127 100 97 103 120 112 114 123 113 112 119 106 112 102 111 111 127 100 105 117 94 107 102 116 120 119 113 101 99 100 117 126 118 116 100 112 99 115 115 116 109 122 121 129
767 763 826 811 783 782 92 107 113 91 118 106 97 110 117 102 96 102 93 96 111 110 126 109 107 90 128 110 103 109 104 99 101 126 108 106 98 117 130 110 111 100 127 120 109 114 105 101 113 92
815 817 838 820 805 809 98 128 113 100 99 111 89 123 104 115 120 112 99 94 117 116 121 110 123 104 113 109 99 115 133 94 101 110 116 112 114 109 90 123 139 94 108 96 107 106 108 93 108 98
816 843 757 858 852 778 117 104 111 93 114 115 106 96 104 120 111 99 106 93 111 103 123 106 116 96 119 107 118 100 115 106 113 97 110 96 118 115 116 106 104 109 86 105 125 115 108 107 116 99
786 778 813 795 795 800 112 112 116 115 101 113 102 121 104 88 122 102 113 110 102 115 107 88 105 125 94 116 109 122 97 90 112 114 110 101 122 94 132 106 116 105 101 101 110 114 115 98 113 106
837 784 810 839 767 837 121 130 96 115 110 100 105 101 114 106 124 79 112 117 87 118 120 111 109 104 106 115 111 100 106 119 112 102 118 107 106 97 119 114 99 107 92 91 114 129 119 107 101 109
800 758 791 794 797 819 114 104 121 109 121 132 103 117 99 109 119 110 124 97 115 107 107 102 108 89 112 93 97 121 106 94 107 103 110 106 97 84 85 103 118 123 106 118 105 131 111 89 123 112
837 800 804 849 744 848 125 108 104 107 96 94 108 93 105 109 117 110 131 93 123 113 122 120 107 102 116 102 96 108 126 98 93 114 115 116 111 122 99 112 103 104 101 114 100 115 100 111 104 109
759 801 824 811 785 775 117 113 111 106 123 106 111 90 97 121 106 101 119 109 114 104 112 99 111 118 114 110 90 102 101 91 103 110 105 127 98 93 96 101 96 104 111 94 80 110 124 99 101 135
841 823 825 847 790 815 121 104 101 120 90 114 119 109 112 103 115 113 94 101 120 123 110 107 102 105 99 101 103 104 118 101 110 107 100 109 107 107 104 110 105 129 120 111 117 122 104 113 119 102
746 749 776 738 825 790 103 100 118 98 118 117 126 124 121 102 127 104 101 107 102 123 114 92 105 99 104 110 109 113 108 115 111 106 100 112 105 92 113 114 99 111 116 108 110 112 117 121 128 107
838 791 825 813 819 812 121 96 109 109 134 108 101 94 111 117 125 104 114 105 112 105 122 126 120 110 104 114 111 104 94 108 102 93 102 89 126 88 94 107 91 117 105 94 123 101 115 119 103 100
752 769 772 807 751 848 107 104 97 111 88 100 110 100 108 103 122 107 99 117 101 108 116 102 111 123 103 111 106 113 110 106 112 101 109 113 122 108 105 131 106 99 108 113 104 116 103 114 119 102
791 775 818 787 849 797 92 96 116 100 114 103 114 81 112 88 124 106 105 123 120 110 103 103 88 109 114 109 90 93 95 91 108 107 102 114 121 118 86 112 92 109 108 107 98 139 111 97 104 101
790 767 779 795 818 778 111 102 104 116 105 100 116 119 96 114 121 114 106 89 102 137 121 119 125 120 111 87 123 128 119 115 103 104 102 108 97 97 122 103 107 91 99 112 119 106 110 114 106 118
764 785 815 856 819 776 103 108 104 108 117 99 88 100 128 101 97 113 106 88 91 103 114 109 118 130 103 116 102 99 117 113 108 116 100 121 110 93 111 99 121 113 107 106 117 126 112 98 114 97
772 708 808 845 836 753 105 103 117 121 106 91 116 114 109 115 91 135 106 112 104 121 104 102 110 108 107 109 105 114 85 114 113 111 124 109 119 117 122 105 107 118 104 108 119 87 119 113 113 113
814 810 764 770 837 793 116 113 114 95 122 94 109 106 124 102 99 99 113 111 93 101 96 104 73 96 119 102 105 98 117 112 94 121 99 105 102 109 128 105 110 117 122 98 101 104 100 113 112 106
855 835 793 795 787 814 96 93 102 117 90 90 115 112 112 110 109 125 109 112 105 115 104 98 116 93 98 115 103 134 104 99 114 102 105 108 122 125 100 122 105 99 126 116 97 117 118 140 109 109
802 743 798 793 800 727 106 124 105 126 99 109 110 98 96 113 100 103 102 90 112 92 113 95 95 106 108 110 106 114 89 118 98 112 117 110 101 114 116 107 121 88 114 124 105 116 117 141 94 104
853 804 811 838 799 835 109 114 119 106 110 104 115 110 93 116 116 100 109 106 105 114 111 102 126 94 119 109 108 116 108 100 115 121 120 119 97 85 109 101 108 120 100 102 105 106 100 121 119 121
817 815 817 792 842 778 111 99 101 113 137 107 99 108 88 112 108 106 105 97 79 104 109 113 101 105 87 113 114 100 105 117 97 97 100 110 101 114 98 112 102 121 115 108 95 115 99 117 100 106
812 834 824 832 821 773 105 98 118 132 102 112 121 109 105 110 115 123 119 96 114 108 131 122 98 116 101 103 93 109 117 113 112 97 99 92 119 110 115 121 123 87 101 100 116 125 109 118 100 106
782 809 802 758 790 731 109 102 113 104 110 131 99 136 113 95 122 108 117 94 113 119 86 105 100 116 104 108 88 113 126 95 116 102 108 115 113 112 123 105 98 102 110 131 113 83 101 114 109 129
767 759 806 783 737 810 103 106 116 86 105 123 103 120 107 109 128 107 107 113 117 100 118 96 106 103 117 104 110 111 104 122 99 117 111 112 109 115 119 117 91 110 89 107 101 116 95 113 95 138
812 773 784 781 792 763 113 113 109 112 125 100 108 115 102 107 105 88 109 116 100 99 120 105 119 109 105 128 104 89 115 91 105 120 109 103 88 114 117 104 108 93 119 111 90 112 121 96 118 123
780 817 801 784 798 802 117 95 92 95 100 123 123 104 107 125 116 79 104 106 118 108 107 121 105 134 105 128 99 103 105 123 94 115 117 115 109 110 89 109 107 117 104 108 83 122 131 106 129 100
816 820 795 814 776 789 112 117 107 119 110 115 103 114 96 116 87 99 123 122 121 118 106 109 98 101 121 107 91 104 95 110 108 117 107 103 128 118 121 120 117 121 111 130 101 108 98 98 123 92
811 782 807 838 786 797 113 110 108 111 107 97 110 122 95 106 112 104 114 133 113 92 112 94 112 112 108 110 79 104 114 137 98 100 107 115 115 117 88 110 110 112 107 95 122 96 89 113 126 101
831 819 816 843 811 831 129 108 111 104 121 124 125 124 111 104 111 94 113 99 99 111 91 123 111 134 105 103 123 114 92 106 123 106 116 106 89 104 116 97 108 107 96 127 92 109 113 106 108 116
802 746 781 850 825 776 108 124 100 105 122 97 97 117 116 109 134 115 103 117 117 115 120 113 123 112 105 111 106 114 113 103 100 105 114 112 109 111 112 114 114 126 106 113 113 109 99 124 112 110
782 786 810 837 782 764 99 113 103 133 97 106 117 116 116 95 121 100 100 125 125 100 102 93 107 94 126 116 112 94 112 96 117 117 127 101 101 106 124 116 96 122 109 92 118 108 108 96 106 116
791 832 807 803 772 820 98 127 111 129 103 97 115 114 104 94 110 103 121 113 108 112 85 130 103 105 132 110 106 103 96 100 112 115 96 126 115 116 98 102 118 111 121 117 98 113 119 120 94 117
778 879 819 818 777 781 95 121 118 116 123 116 104 110 122 103 115 88 109 108 111 97 122 120 106 105 105 119 104 122 113 104 115 122 109 117 106 111 104 99 109 104 103 120 117 117 101 118 109 114
804 789 842 778 804 748 96 113 111 120 111 100 88 105 112 117 98 112 117 115 103 91 119 103 124 104 134 122 123 87 128 133 138 92 121 96 107 96 103 112 97 97 108 106 106 107 105 105 113 114
806 838 768 846 771 861 114 126 102 83 113 132 122 103 105 116 122 112 105 111 117 99 109 121 118 115 103 92 112 101 102 113 101 99 109 128 111 117 105 102 114 100 118 110 109 103 110 113 115 101
814 780 777 799 794 809 110 98 97 105 104 93 100 96 123 93 96 114 102 120 120 111 109 103 109 114 96 115 107 104 125 103 89 102 106 109 116 115 102 116 109 122 107 109 112 98 138 121 133 107
775 786 813 806 787 780 115 108 132 126 104 107 118 110 98 103 114 106 94 111 111 113 111 108 126 111 121 122 119 100 92 112 109 110 114 104 102 115 108 119 112 113 109 89 87 104 110 124 105 123
819 852 813 765 793 787 115 108 96 97 110 113 126 113 98 106 112 105 120 111 125 110 105 121 120 108 119 105 114 113 130 100 108 98 103 125 123 102 101 106 126 98 100 105 109 108 129 115 113 112
753 791 785 852 811 794 102 123 107 116 110 129 103 117 130 106 98 110 99 110 123 114 109 126 117 105 102 104 128 109 95 105 118 96 103 118 112 109 100 108 105 106 96 109 103 108 124 137 114 111
804 782 835 788 807 837 92 122 116 124 124 109 98 97 109 99 104 105 114 102 106 130 95 115 122 105 99 108 110 89 118 102 99 102 116 105 112 94 126 133 112 106 130 126 105 103 109 100 101 106
788 787 791 846 826 815 100 123 125 112 113 89 108 84 100 97 116 109 122 103 113 106 109 102 93 110 110 106 113 122 102 110 104 104 126 110 111 108 118 105 104 104 107 106 126 97 112 116 113 103
830 781 781 812 846 849 102 118 115 100 117 118 114 109 120 116 113 107 85 109 94 128 103 91 97 135 115 132 97 139 108 106 111 112 99 99 100 98 123 89 95 123 127 134 107 112 99 112 108 97
