1
50
846 828 758 775 820 805 783 735 800 800 782 783 798 853 850 726 76 76 79 78 77 61 85 92 68 90 82 94 71 71 83 98 72 88 84 81 75 96 74 81 80 81 98 60 81 88 78 77 89 86
794 830 765 830 757 801 794 784 733 836 736 812 773 828 772 792 79 72 72 79 85 87 87 97 98 96 78 85 74 73 80 76 73 73 78 88 74 84 88 71 81 98 92 79 83 83 88 77 85 94
832 782 795 805 800 805 807 796 847 829 824 814 818 828 786 742 80 79 68 85 75 68 66 79 98 85 69 81 68 75 62 74 85 86 80 82 64 63 70 68 67 81 80 84 88 77 82 83 73 79
800 835 789 783 767 807 775 804 802 791 904 773 792 819 840 801 73 68 69 75 79 81 76 69 82 74 79 89 85 77 72 77 63 82 82 76 79 79 70 89 74 87 83 69 76 73 70 81 65 79
805 804 790 814 816 806 821 832 890 770 797 783 849 839 753 777 82 72 76 84 85 71 75 75 73 73 83 71 78 87 70 71 85 87 69 76 73 65 82 70 78 79 83 84 72 82 71 90 87 91
781 789 787 783 746 746 823 802 783 761 853 787 763 751 817 778 69 66 65 81 78 83 83 64 78 76 77 85 72 77 86 76 89 86 72 85 69 91 64 65 67 79 82 75 88 75 76 75 95 89
778 767 770 783 812 861 809 797 814 807 796 792 811 821 820 804 78 73 82 71 70 59 87 77 97 63 79 73 80 91 79 77 61 81 79 82 74 66 70 85 76 70 72 81 86 64 74 87 67 86
842 778 773 812 799 805 795 795 820 823 802 781 831 831 740 813 83 90 71 83 72 89 82 83 72 83 66 106 90 107 80 78 87 69 94 73 68 68 78 82 55 83 75 79 69 68 104 80 78 86
817 803 797 827 795 748 817 755 816 815 821 768 810 807 803 790 66 69 82 89 64 84 77 98 83 68 77 85 79 75 73 82 70 84 89 90 83 81 81 76 95 80 64 76 94 71 71 93 87 65
837 809 803 846 808 746 798 819 767 763 804 756 799 805 750 811 86 85 80 57 85 82 71 73 82 79 91 88 77 72 75 78 71 84 76 85 79 82 65 69 62 82 87 78 82 89 90 82 73 87
796 756 841 784 808 800 826 769 804 777 819 787 768 887 838 784 73 82 77 56 90 96 82 73 86 58 76 70 75 80 74 75 74 82 61 88 75 79 63 77 82 75 75 67 69 61 84 70 85 90
788 803 780 882 795 859 805 814 774 751 789 773 809 851 827 828 80 72 75 72 65 75 82 86 71 82 78 55 94 74 82 81 82 83 68 77 79 83 86 92 82 77 79 84 87 84 74 82 80 74
808 829 748 838 779 742 792 820 812 833 833 802 759 834 812 777 80 85 70 64 78 80 89 76 95 83 76 85 74 81 78 94 68 87 82 76 78 80 79 71 66 73 67 72 92 81 80 86 69 62
798 790 779 802 806 814 841 802 812 815 795 787 813 781 745 771 60 75 79 65 89 79 89 76 83 89 86 88 69 85 82 76 94 77 86 95 75 91 80 67 85 67 82 73 78 89 99 86 80 60
81 79 72 75 105 82 81 75 65 67 89 66 75 87 75 80 74 93 82 89 76 89 75 84 69 92 72 75 81 76 75 77 66 82 96 70 84 69 72 82 75 81 83 60 87 90 71 84 75 85
84 65 87 67 90 88 78 66 70 98 88 72 82 80 86 70 86 75 79 89 73 82 70 91 79 75 76 83 78 75 78 78 81 69 79 92 80 90 66 63 81 85 67 69 74 102 73 93 86 64
76 67 84 82 90 93 89 73 69 86 74 84 71 90 69 91 77 94 78 82 86 67 68 78 88 91 82 81 66 78 98 78 76 78 81 86 76 68 81 83 81 91 79 91 78 82 76 80 64 66
69 77 78 83 94 74 80 78 88 82 70 79 79 81 70 79 77 83 73 70 94 80 87 83 80 76 81 85 65 71 75 96 75 97 79 90 74 73 72 85 79 70 78 76 61 78 92 80 81 76
82 79 86 85 78 78 75 78 70 75 85 93 77 92 70 92 67 89 75 80 79 67 74 80 73 83 71 92 81 75 76 66 81 71 72 91 87 58 94 68 80 91 78 104 77 70 86 83 88 81
81 75 64 72 81 84 97 92 82 80 76 93 93 75 67 77 83 75 57 75 84 79 80 68 63 85 71 69 87 103 97 68 66 86 85 76 77 76 78 75 80 84 86 73 76 76 78 89 79 84
76 76 99 84 83 90 77 77 83 63 68 88 85 93 77 82 67 86 83 76 75 98 68 74 83 78 79 87 82 61 82 68 73 64 101 79 87 69 89 78 72 84 67 78 91 76 82 83 83 58
85 67 89 77 85 81 82 76 78 80 82 80 87 80 77 72 79 76 92 68 74 81 92 85 91 91 78 71 87 80 75 94 97 77 81 78 87 84 81 76 57 89 71 69 67 81 84 88 79 56
61 87 74 80 94 75 70 68 78 75 73 83 85 76 78 77 96 71 66 94 70 69 80 98 64 67 79 81 75 87 87 78 71 76 73 83 71 88 82 60 90 86 59 71 72 84 84 80 94 77
71 69 84 93 79 94 88 89 74 83 69 74 80 78 70 84 94 72 79 77 73 88 72 93 62 87 102 85 80 73 72 68 59 94 89 68 93 60 83 85 71 75 83 98 85 78 84 88 87 85
92 94 90 73 63 65 77 65 75 69 63 69 81 92 85 84 88 68 92 82 95 81 87 77 87 72 82 79 78 70 77 85 93 64 69 72 82 89 80 75 90 78 67 74 75 75 86 77 87 84
83 72 63 72 80 78 79 73 73 77 81 73 76 104 80 73 82 95 95 77 72 76 83 93 93 70 60 68 82 77 72 69 77 67 64 77 89 77 72 65 71 79 83 73 78 80 105 74 73 73
81 77 89 95 82 75 90 72 75 65 70 89 55 73 80 78 84 72 86 86 62 83 74 67 75 74 79 74 62 77 76 78 75 86 96 98 87 96 60 78 74 78 69 86 87 65 74 75 87 76
78 82 85 80 85 96 67 61 74 75 85 68 85 92 79 70 91 76 65 81 70 76 77 73 70 72 95 83 80 84 77 80 85 98 74 89 72 88 67 78 71 71 96 75 77 79 66 83 68 78
75 70 82 78 67 67 69 76 84 88 79 67 97 78 77 79 71 71 83 89 88 80 82 78 64 60 78 88 69 84 89 68 64 67 79 76 78 66 70 90 99 79 75 82 88 82 73 69 83 87
96 72 72 73 84 71 62 81 85 67 74 84 93 70 74 89 76 92 91 65 75 73 82 66 91 68 87 83 62 85 88 80 84 66 65 75 74 80 79 93 72 77 85 78 89 77 77 71 76 81
93 77 70 79 75 85 83 92 75 70 86 86 91 70 63 92 70 78 72 103 72 88 77 82 88 70 59 69 82 64 82 79 91 92 71 78 77 85 69 82 82 84 85 73 75 78 63 63 75 81
79 81 74 80 89 95 87 84 90 81 71 102 81 82 80 84 90 77 71 78 81 61 71 72 68 72 81 79 96 60 78 87 83 69 69 80 86 97 70 82 79 75 74 89 89 69 78 75 74 95
81 76 82 74 104 80 77 71 70 78 94 77 78 98 78 84 69 76 90 93 81 82 74 79 75 72 79 76 79 70 56 80 89 88 79 70 92 89 81 64 78 69 94 93 68 86 72 90 96 79
75 94 85 75 70 92 80 77 84 81 77 81 78 69 82 75 79 94 82 71 72 78 85 92 74 85 79 86 79 72 88 74 66 99 85 83 86 73 80 81 83 63 89 69 68 76 80 85 92 83
78 76 66 77 67 82 69 84 78 65 70 83 82 84 72 68 80 78 78 75 80 80 83 58 75 62 67 90 89 72 62 78 80 77 69 83 91 76 77 76 70 73 74 88 92 87 88 78 75 89
65 80 83 87 84 66 79 81 72 95 81 78 96 80 77 88 76 78 91 68 89 72 70 78 83 71 80 71 94 81 85 76 58 79 76 65 82 75 87 73 78 65 68 75 75 70 65 80 87 67
84 74 77 71 96 87 87 83 82 68 77 85 88 86 70 77 96 67 62 70 89 87 68 84 92 79 74 66 76 60 71 71 93 97 71 83 91 83 74 66 65 77 81 69 73 79 71 83 87 81
87 88 74 67 71 68 82 83 88 83 70 90 100 85 87 70 74 91 90 68 73 81 71 82 81 72 80 86 84 83 86 66 85 73 103 78 73 71 77 81 75 80 77 89 77 67 68 79 82 83
91 69 85 88 72 80 88 88 75 67 79 70 96 86 86 80 91 87 76 67 79 66 70 75 89 92 86 73 66 69 79 76 71 77 101 61 86 76 80 86 66 78 83 100 75 88 100 73 86 84
77 87 78 86 76 80 72 91 60 79 81 87 89 81 97 88 71 82 79 89 68 84 82 75 69 85 70 85 74 90 73 75 84 69 84 82 71 72 83 72 83 79 78 80 76 80 76 81 64 84
78 79 75 86 73 64 80 97 76 75 79 80 93 88 85 84 87 82 74 73 59 75 83 84 59 82 85 77 72 80 68 84 85 75 77 74 72 84 75 76 67 82 66 84 76 89 93 80 82 77
78 77 76 81 80 89 77 68 71 75 71 78 82 68 58 73 78 64 75 70 82 85 88 74 71 69 78 93 83 74 80 85 96 75 73 93 73 75 78 69 83 70 73 75 63 73 82 78 88 87
67 82 86 81 85 64 74 77 70 67 75 89 65 77 83 68 74 88 62 81 72 73 70 72 79 92 78 76 84 90 89 71 90 82 87 82 80 80 81 75 76 79 88 80 82 78 78 89 75 89
69 87 93 91 86 78 73 75 83 77 84 80 87 74 73 85 81 75 64 68 82 79 73 75 78 90 67 76 64 64 99 80 79 113 77 69 80 76 67 86 74 87 87 82 78 68 80 73 64 84
58 73 68 71 75 88 73 92 71 84 92 87 94 85 69 70 81 82 68 76 82 86 73 77 57 73 85 84 71 78 90 95 91 86 79 65 85 72 83 82 84 84 75 69 72 69 95 69 75 88
76 80 77 89 64 83 83 82 73 90 74 101 93 83 79 77 83 88 84 56 82 76 71 75 87 78 86 91 87 87 77 82 89 68 72 85 63 77 81 82 78 75 68 82 66 75 75 99 72 66
79 74 88 79 79 78 64 85 71 81 75 77 87 83 73 72 73 64 84 79 78 80 71 82 71 75 61 86 82 69 78 73 84 87 83 91 74 78 72 62 87 88 81 78 102 90 89 85 87 76
69 74 76 78 67 73 71 83 89 78 85 66 74 67 89 81 97 69 68 67 75 79 72 82 77 80 77 77 82 78 79 61 92 78 75 83 68 78 82 94 72 60 79 88 72 81 75 73 73 75
91 93 84 87 66 76 81 83 80 60 78 82 105 79 80 72 60 57 80 67 68 64 76 79 68 66 64 73 84 70 83 78 77 81 71 83 67 80 81 63 90 69 95 71 83 77 83 78 75 84
65 67 83 79 83 84 74 75 87 67 89 88 83 84 65 72 70 73 85 84 78 74 90 72 92 78 72 90 94 95 76 77 72 89 70 72 89 80 80 67 77 81 77 80 73 110 76 71 83 63
