1
50
779 844 796 842 842 822 780 774 812 829 813 803 827 765 799 795 751 874 799 855 782 785 816 836 768 796 792 787 759 844 838 819 810 839 770 824 824 855 816 786 807 799 764 792 763 792 757 787 812 805
750 765 789 758 824 782 809 835 752 780 835 797 831 745 823 787 773 833 818 794 783 832 811 736 826 813 797 814 838 813 834 765 862 811 796 808 799 818 830 790 794 796 857 803 786 751 770 830 815 834
845 763 768 851 827 818 826 785 764 802 815 837 832 782 796 803 806 753 742 806 795 810 799 743 769 767 789 784 783 790 832 778 772 802 858 787 792 805 807 795 805 796 806 784 770 794 830 790 790 766
782 804 794 793 821 789 804 798 816 796 798 788 752 817 836 755 770 844 801 779 792 769 770 825 800 763 781 773 789 789 820 845 765 785 818 833 792 816 820 780 775 831 814 769 827 785 785 856 867 817
821 759 787 843 820 787 763 792 821 777 792 827 835 812 777 766 788 784 779 811 822 799 841 794 773 785 832 769 784 816 821 789 735 769 767 808 849 799 795 823 831 811 761 812 811 853 844 799 824 800
805 802 792 829 771 779 809 788 816 758 747 732 800 814 829 788 818 784 807 797 813 787 793 760 786 818 760 754 772 817 815 814 790 794 825 836 820 798 840 780 834 803 819 778 792 815 804 831 793 790
797 777 846 767 801 724 795 792 777 771 825 834 832 803 805 761 772 795 755 800 823 817 764 817 840 787 820 783 799 824 751 823 782 803 819 760 840 797 815 790 804 790 830 784 794 846 809 822 776 838
805 789 766 798 783 836 766 799 784 781 813 803 769 830 782 835 777 778 836 771 784 805 849 846 799 795 865 791 783 799 813 825 829 773 758 812 750 788 765 812 807 769 818 875 836 797 795 805 818 799
848 777 840 823 803 761 818 776 728 852 787 794 863 794 811 803 738 824 802 806 809 789 807 783 787 812 791 769 772 796 797 825 780 838 809 804 832 812 823 780 800 816 850 818 788 837 755 781 825 795
825 834 802 843 767 770 795 802 785 804 790 800 800 766 835 813 811 731 835 822 786 790 777 819 817 796 833 812 831 789 749 746 815 791 793 775 796 766 767 794 820 753 846 819 789 762 799 796 798 807
795 774 849 823 794 810 794 831 819 824 778 830 763 770 834 725 770 840 785 805 829 793 750 808 824 790 805 806 839 825 819 784 809 756 807 772 850 783 827 763 794 819 736 796 756 839 792 810 786 782
799 785 769 771 807 754 827 820 786 789 785 817 803 733 835 783 732 788 796 799 782 798 780 766 761 755 817 787 781 812 782 816 824 834 783 783 772 805 787 768 815 818 757 806 829 813 757 798 775 802
830 848 774 869 841 733 785 850 780 790 807 797 803 823 763 807 814 781 780 817 784 763 819 807 801 793 790 764 787 731 799 813 808 778 752 790 789 788 829 832 842 781 777 775 813 784 826 771 792 745
788 756 780 775 818 813 808 805 818 799 786 789 756 819 791 798 798 844 806 835 804 854 825 820 773 836 843 775 748 822 810 820 792 771 797 786 831 790 761 800 838 809 785 754 818 786 780 771 864 802
804 765 822 837 794 808 803 840 783 767 805 811 789 818 792 830 798 792 812 842 805 798 832 808 814 775 797 828 868 828 785 512 492 439 425 475 448 464 452 481 469 451 441 489 513 474 485 456 446 437
736 810 767 840 811 808 817 814 815 795 776 841 855 805 802 802 798 781 792 854 805 864 822 803 773 768 837 754 808 797 789 486 443 450 432 471 436 434 417 462 435 470 477 513 478 477 440 516 513 460
808 789 773 813 823 790 818 812 796 790 817 807 796 818 820 779 796 848 836 790 772 833 814 789 785 785 811 828 803 799 802 440 420 449 483 466 481 463 476 479 464 452 475 469 477 509 470 449 464 441
780 792 823 825 779 751 845 799 804 807 787 765 809 820 816 842 839 766 766 798 839 765 803 806 870 784 798 773 788 818 768 506 489 491 469 475 437 430 458 497 465 454 482 449 460 467 484 448 462 476
822 767 776 771 794 792 801 777 827 783 857 807 829 845 802 768 785 810 790 784 812 822 844 839 777 754 780 804 862 780 761 458 452 492 454 486 443 439 432 458 445 442 431 464 499 472 444 452 442 423
789 832 794 831 799 832 761 823 827 772 821 780 822 831 799 771 795 817 795 795 847 839 760 741 770 790 817 784 789 805 811 488 437 474 454 451 471 461 438 466 464 451 441 438 448 488 439 464 486 450
818 817 780 825 800 790 807 736 789 838 806 807 775 834 796 794 763 813 774 759 842 778 739 805 833 822 786 780 812 796 813 464 459 495 475 483 409 446 467 464 491 484 422 475 491 467 426 472 456 483
459 458 463 484 457 498 509 498 471 450 466 440 439 437 456 523 489 460 462 466 489 463 473 417 461 460 428 437 456 404 448 452 515 447 456 460 472 448 491 412 448 481 442 478 461 481 459 466 495 522
508 496 507 431 452 465 475 463 476 448 466 481 450 460 491 518 448 458 461 469 481 486 463 479 455 498 480 473 458 501 473 434 472 471 465 461 448 468 435 487 451 473 461 432 504 462 489 441 502 476
471 455 483 399 478 470 504 494 437 442 472 447 459 451 446 455 467 446 427 415 430 461 459 442 462 465 443 474 482 470 469 469 435 452 446 465 459 426 474 439 478 474 468 428 472 459 437 478 440 471
439 451 437 491 450 454 436 487 476 445 438 437 421 455 469 462 464 481 419 439 459 457 478 535 479 450 459 424 509 484 439 452 443 433 479 465 449 476 496 460 471 433 420 468 501 442 490 483 481 536
431 455 431 435 462 442 453 445 479 466 475 483 460 479 490 478 455 479 427 487 476 460 479 450 446 444 436 481 444 457 492 472 442 459 481 419 462 459 484 478 458 451 462 477 437 478 449 455 453 466
474 473 469 490 497 462 424 488 428 456 462 465 495 439 431 444 434 469 478 477 471 471 449 421 461 452 467 452 462 463 450 492 432 421 481 507 447 504 490 451 438 463 464 467 461 496 435 456 487 452
453 461 440 461 462 466 478 491 473 474 450 474 442 446 442 458 462 470 460 483 471 470 459 439 457 451 481 469 472 459 454 503 472 467 471 461 412 450 500 474 479 464 448 449 449 483 446 458 466 440
480 448 475 457 479 466 454 465 422 473 455 434 482 478 462 421 491 429 479 480 431 460 450 474 511 482 485 465 490 472 424 467 473 423 475 461 437 443 462 500 475 466 460 446 497 430 452 442 458 463
439 476 424 419 433 478 475 452 460 441 445 460 472 469 430 473 446 447 457 513 452 466 472 490 469 439 439 465 451 485 477 488 417 488 460 497 438 463 485 490 438 482 472 439 470 453 488 528 485 455
423 459 461 468 440 459 458 425 494 454 441 460 464 472 455 445 475 420 457 478 458 496 478 474 452 439 479 447 452 423 449 452 470 481 439 476 439 459 467 437 449 459 490 451 454 423 441 461 469 484
474 459 446 506 463 466 483 502 431 448 437 499 430 467 477 468 433 474 457 459 478 469 460 453 455 494 427 468 459 448 451 414 433 464 465 433 428 451 468 437 460 453 494 465 480 494 439 486 509 469
472 435 427 460 472 489 454 424 457 482 455 447 473 489 467 429 454 463 479 471 466 468 503 462 511 476 485 490 498 431 449 484 490 457 475 451 514 469 486 472 476 464 476 463 489 434 431 466 441 495
461 440 462 480 437 447 465 453 450 475 460 478 439 467 460 467 484 507 446 429 489 467 438 467 467 456 461 420 442 482 469 442 436 454 459 459 434 469 467 466 472 484 473 474 497 501 498 449 456 460
418 447 412 469 470 474 459 474 434 474 459 493 459 479 415 465 477 453 459 424 500 392 507 477 503 461 434 462 421 468 406 474 493 469 495 465 439 435 475 455 468 449 459 454 432 482 462 462 473 474
510 498 432 457 491 444 502 453 471 447 450 450 476 440 471 458 455 487 423 483 460 471 426 477 483 432 465 486 466 424 469 482 425 490 483 482 477 470 431 482 489 468 480 472 438 443 508 489 441 472
476 451 476 487 461 507 443 496 463 462 471 463 469 460 463 460 451 470 447 475 486 478 469 465 459 464 473 491 480 458 454 462 502 434 448 512 416 467 485 465 475 430 472 449 444 438 484 452 433 472
469 454 468 473 480 436 429 452 453 468 506 508 477 470 424 451 478 486 429 460 453 475 437 476 453 439 450 466 497 488 457 480 477 435 451 477 478 487 455 463 429 472 444 491 477 466 492 436 467 466
442 467 457 452 470 485 491 459 454 478 454 462 458 463 445 457 521 460 504 433 464 447 461 476 490 477 447 438 464 431 442 471 457 442 406 453 455 500 497 501 425 465 454 445 475 473 489 500 467 483
491 529 485 498 470 442 443 445 473 483 492 458 480 440 464 460 475 496 462 411 482 485 449 516 476 496 473 473 465 465 453 494 474 467 485 491 461 474 465 474 436 440 438 425 429 479 477 427 452 450
502 437 433 491 458 464 459 441 479 419 453 492 506 493 460 454 474 415 420 458 476 456 458 503 451 485 429 467 509 485 434 455 447 465 500 465 496 491 449 458 429 460 436 460 458 472 462 454 451 470
429 469 485 491 477 468 483 427 491 478 444 463 499 444 453 449 460 450 486 488 498 435 482 485 444 480 443 447 472 466 478 509 510 458 457 446 400 453 473 423 464 466 490 480 413 470 486 457 459 491
494 444 451 449 476 442 472 459 439 455 495 480 462 429 490 465 496 432 467 467 455 402 458 456 454 468 458 470 478 494 485 502 449 507 479 454 472 471 508 434 440 444 466 438 466 467 444 489 475 458
473 469 479 465 504 468 505 433 465 482 483 482 475 477 501 493 465 457 474 497 514 472 458 446 504 462 490 464 483 458 474 468 458 460 444 461 486 432 472 489 461 462 483 443 488 447 439 438 472 458
469 453 442 467 459 458 486 498 453 446 469 465 455 491 472 497 435 400 460 469 469 462 469 486 467 469 441 451 502 449 419 459 470 427 441 480 452 472 427 473 486 464 464 496 472 431 439 470 458 485
444 479 457 482 498 434 445 453 454 452 457 449 454 480 467 455 456 472 468 445 470 473 451 486 484 475 467 473 502 471 458 480 477 432 456 480 499 447 463 479 487 460 452 445 461 458 458 463 479 447
444 487 467 494 444 460 494 501 455 468 477 482 448 433 453 465 454 449 410 445 472 427 492 432 472 455 457 494 471 462 446 510 479 433 504 487 442 429 464 464 456 471 478 448 482 448 466 493 464 459
466 451 481 443 476 487 506 438 475 443 438 465 464 442 458 493 460 445 480 441 471 486 447 408 498 461 488 467 461 489 481 442 417 481 449 453 472 534 460 439 427 484 452 464 420 427 418 496 474 438
478 421 442 487 443 496 479 461 473 477 458 425 449 461 461 461 447 478 489 463 450 473 517 459 472 458 467 484 482 504 441 472 473 411 441 445 450 483 449 469 488 464 459 426 488 468 467 464 441 505
499 450 483 490 480 472 467 475 448 461 474 450 487 456 452 453 473 485 435 468 465 480 464 451 456 445 494 461 505 485 477 443 447 450 437 458 460 480 453 446 506 449 444 425 492 467 441 454 475 466
