1
50
760 701 675 728 782 726 658 696 672 701 734 707 688 697 711 713 684 704 728 763 683 702 697 715 720 697 699 716 671 643 677 722 685 720 740 712 711 709 674 747 684 680 721 702 742 730 800 805 793 751
715 705 722 689 701 736 706 716 733 754 722 673 712 759 739 690 686 697 692 691 724 700 694 733 739 737 699 647 696 712 715 720 687 702 682 675 729 651 690 703 686 707 680 712 692 703 865 800 796 855
662 718 724 739 739 700 704 706 699 712 728 687 735 704 700 709 729 687 697 713 732 707 767 711 726 695 725 722 725 695 668 689 719 701 730 707 737 709 706 750 698 742 726 695 667 652 821 781 752 818
677 691 686 695 723 697 722 705 733 727 712 677 712 681 693 719 745 714 681 682 773 721 724 678 696 679 728 689 728 714 701 699 732 749 700 713 742 736 715 674 691 714 709 678 672 673 781 782 857 800
730 740 684 732 719 738 728 711 685 754 704 697 731 739 724 710 690 714 712 663 694 664 684 717 769 708 650 672 717 709 734 717 687 735 706 693 762 731 727 700 661 669 706 736 705 694 807 805 759 766
713 706 671 711 666 717 709 738 735 678 690 756 685 732 741 705 729 665 744 674 683 709 701 750 741 688 696 763 668 743 713 691 699 748 697 683 691 689 742 688 684 716 729 675 714 700 801 814 803 824
688 696 692 679 699 673 716 708 677 685 691 724 690 683 746 709 697 712 712 713 715 715 699 700 699 690 724 646 654 714 720 695 688 733 745 714 688 751 676 741 707 729 712 713 694 733 786 803 842 824
691 740 718 734 723 710 677 709 734 675 680 696 676 723 721 705 664 703 734 647 680 686 732 722 714 787 738 705 717 742 701 717 690 737 742 697 642 665 740 754 687 706 704 724 664 706 830 775 819 800
698 749 668 730 673 693 670 724 742 680 710 630 729 704 726 739 728 707 667 719 710 710 710 721 733 799 670 687 728 683 695 683 708 685 729 730 707 721 718 695 681 720 654 701 742 693 813 856 845 790
706 739 687 706 659 688 720 739 660 688 614 698 688 676 691 738 694 717 654 701 696 733 727 720 689 743 699 691 699 685 740 785 732 727 715 682 705 726 694 718 706 731 698 707 695 700 775 760 752 845
733 711 694 692 695 730 703 726 703 699 695 651 642 676 713 682 727 740 744 737 703 732 702 653 690 721 689 689 752 734 701 686 670 722 718 697 701 701 716 718 718 732 741 716 738 709 795 829 806 800
691 741 741 734 745 694 690 729 680 698 692 704 701 659 725 709 715 661 708 669 696 665 696 698 692 735 721 725 695 715 709 754 746 706 690 728 708 695 698 674 717 706 687 688 752 717 806 789 829 778
666 670 704 720 693 726 654 730 712 706 773 726 730 731 682 683 686 681 718 702 781 739 708 693 689 758 699 708 655 695 706 720 716 701 725 708 720 685 696 764 717 737 693 740 722 715 792 846 807 795
735 718 684 686 755 705 734 707 746 694 737 716 694 769 708 711 723 676 679 731 695 682 721 668 685 690 720 720 753 689 725 642 708 718 704 678 688 699 724 707 699 696 699 648 697 682 778 820 815 795
698 721 709 718 749 737 734 659 715 694 687 743 710 647 734 712 691 688 728 779 780 810 784 776 827 817 849 812 819 788 778 759 811 813 788 770 877 809 744 804 768 787 788 756 827 816 787 731 821 775
697 647 717 724 760 709 662 699 701 716 721 690 732 688 727 733 737 732 674 820 792 827 813 770 840 834 788 807 807 856 793 816 794 840 820 777 773 784 817 835 796 741 806 803 807 794 800 793 786 796
714 741 740 695 677 723 686 703 697 706 691 738 690 667 678 715 701 742 687 877 789 803 819 814 792 791 814 789 826 834 835 827 801 798 815 789 809 805 860 789 851 753 772 787 768 794 803 811 790 800
670 759 712 734 675 656 692 708 714 713 703 756 697 697 704 698 706 718 711 849 841 781 785 822 775 756 823 782 849 847 775 816 793 790 808 816 802 806 841 753 781 750 784 779 804 797 812 776 803 852
683 676 659 707 707 697 733 722 702 724 649 707 720 723 660 666 691 645 727 796 803 804 783 807 815 813 793 804 807 775 789 769 836 753 835 804 818 801 832 804 798 775 813 776 839 765 801 806 817 772
675 695 711 693 695 716 701 713 716 687 683 737 690 753 736 728 679 713 690 799 785 793 773 828 812 763 800 858 822 819 802 725 791 874 799 817 786 776 758 773 784 770 801 788 801 787 782 792 745 788
704 686 724 696 739 681 717 735 726 685 695 724 690 701 725 692 725 698 692 842 815 766 752 772 794 804 778 823 744 813 829 818 803 857 774 794 826 791 797 824 747 757 797 779 780 802 845 778 767 798
687 707 697 722 668 739 693 746 697 728 717 747 708 690 678 720 718 751 699 827 775 782 776 788 779 838 814 787 789 759 800 791 780 808 786 826 760 735 800 842 798 820 816 798 789 786 817 758 818 778
719 722 710 718 681 688 691 659 685 716 699 711 723 718 654 714 714 732 706 725 810 802 832 770 870 761 815 814 743 796 818 776 737 828 784 868 794 813 781 827 789 803 832 819 802 833 815 792 797 795
742 716 702 736 664 714 686 687 728 695 675 723 732 757 719 740 639 670 691 770 867 795 782 825 768 824 793 785 765 819 721 842 811 791 735 817 823 792 751 774 723 779 792 825 806 819 818 767 840 783
716 751 643 730 717 663 696 767 702 708 708 698 675 705 670 741 710 747 763 769 732 819 752 792 789 807 823 807 821 791 759 826 754 777 781 783 795 785 785 751 801 772 841 768 800 818 817 763 799 776
666 729 689 708 743 722 696 687 652 722 660 743 711 739 742 712 698 702 710 817 807 801 812 796 840 801 849 795 839 806 833 793 763 799 788 846 833 753 799 751 801 787 855 754 851 749 797 771 808 807
681 711 689 678 734 683 717 679 706 722 745 717 694 683 710 697 739 752 717 804 785 826 859 799 770 820 812 810 822 858 824 811 812 848 775 783 758 834 867 840 813 796 757 788 820 826 805 824 819 822
708 678 711 732 688 704 733 729 724 715 684 735 713 625 695 724 725 688 658 814 790 820 765 813 821 799 847 828 804 794 773 837 770 761 798 815 843 794 804 812 806 788 817 792 771 802 820 832 775 835
735 668 727 722 706 746 724 705 680 721 677 710 720 724 715 743 689 699 711 722 845 833 773 808 807 793 787 753 777 818 736 812 771 820 742 833 818 823 778 791 791 845 780 844 838 818 833 813 781 864
732 651 747 746 688 695 675 733 731 702 685 701 702 748 757 740 660 734 722 842 796 788 757 780 806 708 800 764 792 769 816 797 803 819 824 818 789 781 787 844 790 779 848 793 820 793 794 775 829 814
680 723 796 665 761 728 672 645 759 676 733 670 719 672 692 661 693 669 681 814 834 810 787 775 802 839 777 816 809 800 796 811 769 814 835 814 806 797 789 812 792 793 770 753 758 761 799 756 788 840
648 692 696 685 687 730 697 710 715 698 746 711 672 695 706 702 760 743 744 833 800 831 790 781 743 844 775 799 821 805 796 834 798 845 843 790 807 835 853 812 821 770 782 791 793 809 801 849 802 740
681 699 684 734 698 719 723 714 691 692 748 706 669 687 700 748 691 684 696 782 756 788 754 812 807 792 823 879 836 766 821 803 773 839 791 822 812 791 801 805 770 823 818 838 786 802 788 798 791 812
716 685 697 744 721 713 700 720 740 721 676 719 676 739 753 703 723 741 689 837 818 795 804 817 787 788 797 819 784 771 794 836 814 783 838 770 810 818 797 798 790 759 809 829 789 806 782 822 828 788
693 756 680 686 696 703 734 719 675 701 703 727 667 686 678 694 728 682 696 789 795 778 823 781 830 777 805 806 788 800 835 778 816 724 765 829 769 787 812 813 803 787 784 793 779 810 786 822 760 807
711 692 710 657 683 685 716 684 653 744 702 754 684 696 718 671 694 696 696 776 821 801 745 788 847 785 762 790 831 805 771 799 792 759 786 748 773 742 800 795 833 826 802 833 776 797 814 780 780 828
747 692 708 671 729 730 737 722 690 685 720 741 708 728 706 710 729 644 702 770 792 812 764 807 775 808 781 805 787 818 766 792 826 785 827 766 840 811 808 804 768 765 827 806 784 791 824 803 755 785
685 657 701 727 774 698 675 690 711 743 723 747 705 695 673 733 692 744 675 797 774 752 796 784 823 821 786 791 770 839 812 855 782 813 828 800 861 805 834 818 802 842 807 781 835 797 830 811 778 838
697 684 745 711 657 718 724 670 664 706 725 691 733 676 753 696 717 716 701 798 757 779 822 806 850 863 804 783 807 781 793 787 804 846 760 764 783 820 773 761 833 781 787 825 769 799 776 849 771 816
728 691 652 713 720 727 649 745 688 670 687 708 715 648 710 711 694 698 725 783 759 748 817 837 816 798 781 818 783 747 816 809 751 835 791 797 797 750 768 777 741 815 809 811 835 831 847 818 786 786
665 724 665 705 706 684 714 710 719 693 699 733 711 665 703 737 695 751 710 808 777 790 807 760 830 798 832 796 853 727 776 830 772 813 858 796 841 780 754 795 789 811 806 823 823 796 822 755 815 744
781 681 720 720 674 729 714 696 717 724 688 674 653 723 700 690 671 708 739 751 803 784 800 809 786 832 809 837 832 824 825 781 778 794 814 833 778 789 832 777 846 815 777 830 876 815 777 780 812 870
733 695 717 727 650 674 703 650 671 734 694 701 686 656 651 658 703 745 695 764 852 794 785 807 838 801 780 792 773 810 856 796 837 812 795 747 805 782 788 776 813 803 787 846 816 768 762 787 737 845
734 720 705 713 730 722 706 704 727 703 689 727 691 738 707 691 693 725 714 797 757 823 850 727 804 833 845 748 800 809 794 826 811 767 808 789 781 761 839 797 767 889 786 794 805 750 817 814 821 792
687 655 694 671 714 696 685 727 684 706 719 662 727 686 701 705 703 643 713 814 830 777 829 844 753 791 783 833 762 790 782 820 810 771 856 779 778 790 838 758 789 832 802 853 792 798 781 803 808 826
728 706 700 742 732 693 700 719 699 690 699 693 714 732 708 677 661 641 696 819 751 813 817 793 763 774 822 807 774 814 809 774 791 779 791 781 822 765 790 815 792 746 756 854 776 795 807 809 808 844
744 749 724 701 744 696 675 694 710 706 682 758 689 728 725 673 666 762 652 805 768 737 831 754 846 804 801 772 821 809 786 785 795 769 803 804 844 792 836 791 878 769 829 820 823 792 779 853 800 802
706 687 701 681 663 655 679 693 694 733 730 693 675 700 701 698 660 725 684 818 814 808 835 797 830 831 800 791 816 845 834 809 819 861 790 819 755 760 782 829 785 842 782 783 823 787 779 759 735 783
700 705 695 709 695 708 752 665 675 681 728 720 710 707 739 719 713 682 716 808 778 774 740 823 753 786 790 800 820 809 756 845 812 786 770 783 782 834 788 768 775 838 763 767 809 789 795 820 813 774
688 760 745 698 690 691 723 695 697 720 735 657 675 716 719 706 686 713 688 806 794 798 814 792 812 843 816 793 772 737 836 782 795 811 827 774 766 761 789 815 811 778 857 824 813 847 826 780 845 794
