1
50
821 795 835 792 785 773 769 828 809 787 854 780 843 838 807 774 801 803 791 796 820 808 782 783 795 800 805 746 837 825 810 768 811 716 788 825 782 826 794 772 775 805 770 819 799 800 664 605 661 634
798 812 785 847 811 821 825 809 789 726 800 731 797 784 785 790 837 811 793 860 827 767 783 796 804 801 793 736 827 804 740 760 818 844 772 798 807 791 781 768 813 854 771 751 833 749 668 670 615 596
857 859 742 795 834 785 813 746 791 824 788 784 764 792 744 825 803 806 826 809 810 785 749 811 796 798 822 830 789 800 827 848 899 775 773 775 750 801 792 835 757 797 832 777 807 799 646 650 615 635
831 766 812 810 767 789 783 797 799 797 791 781 817 808 779 787 791 815 861 767 797 832 789 796 766 820 754 790 815 782 793 830 779 795 750 831 815 825 789 800 770 825 815 795 781 802 588 615 662 636
892 790 828 765 783 798 818 787 837 791 843 777 768 798 799 805 807 792 818 763 775 746 801 806 832 779 768 811 810 783 794 814 799 767 856 789 783 798 819 767 821 813 848 841 792 815 687 638 657 640
819 795 732 777 807 795 828 800 830 780 787 763 834 844 848 805 826 795 830 824 785 720 759 794 803 819 819 789 795 816 802 811 853 817 762 790 815 886 796 766 821 833 832 800 817 780 646 613 634 646
813 834 783 781 776 766 813 736 823 780 878 779 793 851 796 826 822 829 777 780 785 776 815 803 819 789 850 780 808 787 805 815 792 803 785 805 827 804 807 772 803 796 789 797 777 803 614 630 624 665
788 793 821 821 835 871 747 857 795 773 833 759 835 785 802 808 776 772 853 845 832 761 847 867 829 756 812 807 779 781 726 809 782 795 818 803 785 819 803 797 752 784 807 789 825 772 629 630 638 656
786 810 781 784 720 821 819 802 751 751 807 803 788 787 824 762 808 774 860 782 792 831 812 773 809 844 751 781 821 830 781 810 804 770 867 847 805 857 766 760 786 830 787 813 803 781 654 640 660 617
776 802 796 813 807 856 799 739 850 833 818 808 805 857 814 764 799 772 797 800 801 793 821 836 822 765 818 847 846 748 778 769 778 802 827 742 804 765 772 802 797 754 850 848 781 777 700 627 634 638
820 891 763 801 809 769 746 808 834 815 780 767 775 812 773 830 773 744 777 837 780 829 799 821 778 804 782 805 849 776 843 823 827 728 750 787 865 781 789 822 815 789 761 803 815 780 635 616 702 632
817 768 853 820 771 824 795 834 782 782 796 759 809 825 804 778 766 751 788 796 825 850 761 777 849 827 802 826 791 806 813 819 806 862 835 828 788 815 808 784 760 821 820 783 768 765 647 621 624 690
813 772 793 755 847 814 811 796 701 815 819 823 802 762 767 806 830 768 782 789 765 759 808 769 828 819 781 801 759 811 810 854 760 816 794 788 875 749 791 768 742 794 768 759 758 786 637 611 645 612
836 766 838 869 773 781 826 784 824 810 829 795 791 806 844 807 786 827 813 787 842 751 787 825 821 823 818 807 743 768 827 803 799 792 807 783 829 745 828 778 816 803 743 833 723 776 662 601 651 586
763 815 828 831 754 792 811 807 774 773 830 788 786 789 827 799 787 817 784 808 848 649 616 653 621 615 638 644 630 624 632 658 643 625 627 617 615 630 628 655 649 606 620 653 653 626 627 634 649 622
807 734 789 838 793 811 845 796 810 776 818 857 783 757 792 808 907 810 790 820 777 645 605 615 637 658 654 676 635 661 629 621 608 639 644 608 642 576 631 595 618 613 614 630 657 638 613 644 643 669
797 855 791 802 831 819 779 768 805 839 822 800 823 826 796 791 771 806 841 783 828 657 657 626 629 616 614 651 636 640 647 622 670 613 604 613 635 684 643 660 570 671 647 643 672 623 634 616 633 639
767 744 841 747 786 817 806 756 783 790 822 811 753 786 780 834 768 771 805 801 798 649 641 615 598 649 600 616 627 669 560 609 685 608 654 623 614 618 646 604 670 614 661 591 603 607 651 626 590 619
837 820 820 804 815 808 767 756 806 781 805 814 782 803 806 827 777 776 840 777 844 661 621 681 650 632 584 655 642 615 659 618 643 616 631 669 613 658 654 646 629 604 652 638 646 621 628 616 594 627
825 872 824 798 777 815 788 807 753 843 850 809 793 847 864 816 820 777 764 814 807 622 601 649 643 637 648 608 630 643 629 595 598 621 614 606 625 595 623 605 582 640 623 629 653 663 640 637 665 652
816 799 864 752 817 745 830 774 823 784 836 833 825 800 808 825 830 816 785 794 772 633 648 673 635 608 667 640 631 626 631 647 595 627 596 613 596 659 646 658 641 650 611 608 651 603 586 633 657 641
775 799 774 807 837 832 740 852 803 767 785 779 800 789 856 820 823 831 748 766 793 570 663 652 615 609 642 647 631 611 624 664 671 717 614 627 645 598 637 639 637 660 629 647 657 648 636 601 652 659
774 800 759 809 787 800 767 788 845 796 833 783 839 784 833 773 823 814 759 812 807 634 639 633 621 585 649 622 667 586 645 634 638 683 643 616 640 637 691 595 639 659 596 660 667 630 589 602 669 703
808 769 794 816 805 779 806 797 788 826 802 766 831 796 795 802 791 810 813 829 809 611 678 610 644 619 714 642 666 614 603 606 634 693 595 649 636 647 652 654 633 625 627 583 639 677 625 634 604 652
796 766 761 795 833 789 811 780 766 813 798 775 785 824 793 788 824 870 802 830 793 605 628 636 589 633 634 627 594 676 626 658 601 645 632 660 584 636 633 676 654 630 636 643 573 616 598 638 641 689
842 778 793 758 764 755 802 833 784 770 791 820 858 776 784 864 778 775 809 784 824 631 602 635 591 652 631 637 627 664 669 610 613 635 639 665 646 619 687 643 578 649 641 640 608 651 632 648 645 608
835 774 787 839 831 751 814 835 808 787 800 797 751 808 792 789 825 848 756 817 817 613 655 620 673 640 612 659 660 594 640 644 614 640 683 663 595 652 595 648 637 669 669 626 625 619 671 667 620 600
782 818 781 771 804 839 776 792 738 867 822 736 775 830 786 803 766 841 811 793 814 663 654 647 641 636 619 608 623 612 618 636 657 677 673 651 664 635 638 619 644 651 650 612 633 628 601 614 554 631
779 821 802 810 788 823 810 763 786 797 777 753 811 825 831 776 834 829 824 815 814 667 622 663 615 649 644 632 656 630 642 632 618 621 635 627 663 667 621 591 634 637 632 660 645 587 638 643 628 597
788 778 796 762 776 803 765 820 792 824 824 775 769 788 786 823 849 797 796 782 812 629 654 655 620 657 610 676 641 683 641 657 624 643 619 649 648 584 627 638 658 651 646 647 640 622 584 621 644 621
807 806 813 801 815 799 871 766 780 789 761 771 778 768 872 806 840 813 771 801 820 598 674 619 599 586 645 612 678 669 654 623 591 680 651 656 616 632 616 618 615 645 595 617 629 637 615 626 628 623
780 773 835 801 828 765 828 778 792 787 813 841 758 790 869 825 841 789 794 854 788 629 600 662 593 631 635 623 631 608 600 575 622 626 634 647 646 667 602 598 669 610 616 639 654 616 643 609 726 662
791 810 840 800 797 755 776 851 822 816 764 819 807 769 799 813 809 749 796 778 800 607 673 581 650 628 602 629 642 595 614 628 617 610 616 646 622 663 631 626 643 602 587 656 664 631 607 627 665 643
811 831 823 787 833 789 820 769 807 850 843 773 802 798 801 812 801 765 800 749 792 626 621 616 594 600 648 645 647 654 616 615 662 644 637 654 667 655 643 658 651 649 600 578 671 633 617 617 654 644
789 793 760 756 806 782 784 768 811 772 788 820 786 798 812 809 721 766 822 824 801 630 596 675 635 598 656 640 665 623 632 660 608 650 601 641 643 650 673 620 576 634 595 635 615 617 664 636 683 653
801 812 836 763 794 778 789 823 797 779 782 839 747 781 761 854 823 771 849 773 741 658 688 633 592 644 619 628 646 645 700 701 583 640 620 589 701 661 609 637 642 634 604 655 613 697 645 618 633 662
661 650 646 636 640 671 617 647 625 666 649 617 618 622 673 642 665 602 622 627 602 618 633 663 656 706 666 632 664 643 639 613 641 589 665 635 666 609 632 657 648 596 645 613 617 647 668 666 607 620
640 652 602 639 629 613 660 676 625 642 649 627 642 626 594 641 645 611 602 665 598 689 649 606 613 622 620 688 638 614 667 670 591 600 633 647 632 657 649 627 635 623 651 626 648 632 679 662 629 611
616 588 631 679 668 578 602 669 625 642 642 608 666 647 668 680 645 663 688 657 613 638 645 653 645 683 654 599 646 655 650 622 619 657 649 606 634 671 623 626 644 634 641 621 651 651 631 536 611 617
578 623 659 616 633 629 594 625 616 627 584 599 608 694 616 601 665 646 671 652 676 644 581 657 642 618 619 666 610 622 621 642 626 659 705 654 626 674 633 628 655 657 600 650 637 611 617 633 630 651
634 601 605 616 639 618 626 673 629 603 640 628 647 638 678 596 633 617 628 645 673 656 605 625 600 616 606 647 624 639 637 645 644 625 633 631 633 597 631 653 645 644 647 578 645 645 667 683 603 627
689 657 617 609 600 626 602 659 679 675 652 661 616 684 681 645 641 633 653 649 634 601 608 624 632 626 600 685 667 683 621 618 606 626 611 653 653 639 667 665 610 647 633 620 659 608 647 662 676 656
635 633 663 611 613 590 626 597 585 631 622 637 611 632 647 616 598 677 648 656 652 636 640 597 591 619 639 678 660 613 591 633 625 649 651 638 643 653 691 608 682 604 655 609 604 620 666 639 587 666
678 633 650 644 623 633 625 656 641 624 661 653 586 603 613 591 635 620 629 658 636 630 594 641 645 620 598 662 638 641 628 639 606 642 645 622 631 646 654 632 643 627 647 650 686 656 617 647 622 582
636 642 638 691 691 649 632 633 653 657 704 647 641 650 623 648 649 618 656 645 685 634 693 620 607 625 587 636 631 591 635 663 642 647 620 657 690 666 662 648 599 654 638 606 666 629 646 630 557 678
630 642 669 625 647 648 615 597 653 634 624 626 625 612 615 635 649 635 626 650 623 632 635 629 611 626 642 647 636 690 654 659 614 661 613 664 646 610 608 631 656 630 616 596 639 637 617 644 643 611
610 638 674 648 627 647 598 674 656 633 593 647 598 646 658 652 645 676 594 588 671 653 688 642 607 626 635 682 618 674 648 634 655 663 625 630 650 644 652 621 648 634 630 594 646 627 698 639 612 674
649 653 639 613 634 661 625 637 662 662 627 641 642 640 614 621 647 671 616 639 642 656 622 662 602 598 639 635 595 630 629 629 581 653 643 618 603 669 642 640 634 637 655 591 628 572 608 639 597 604
637 615 626 611 658 651 633 632 627 621 641 626 636 639 637 641 610 628 630 639 629 647 671 601 626 594 619 634 611 626 629 633 638 602 616 640 598 592 597 658 654 616 641 609 622 661 622 628 677 671
612 614 622 620 618 613 645 617 655 634 666 616 637 591 686 642 624 659 645 660 645 607 625 619 647 623 650 630 622 601 587 638 629 631 657 634 634 642 640 676 661 641 669 611 693 650 638 570 650 653
